    -19.8888, -19.77782, -19.66661, -19.55563, -19.44437, -19.33339, 
    -19.22219, -19.11119, -19, -18.88881, -18.77782, -18.66662, -18.55563, 
    -18.44444, -18.33338, -18.2222, -18.11119, -18, -17.88882, -17.77782, 
    -17.66665, -17.55563, -17.44445, -17.33338, -17.2222, -17.11118, -17, 
    -16.889, -16.77783, -16.66665, -16.55563, -16.44446, -16.33337, 
    -16.22221, -16.11119, -16.00001, -15.88899, -15.77783, -15.66667, 
    -15.55563, -15.44447, -15.33345, -15.22221, -15.11119, -15.00001, 
    -14.88898, -14.77783, -14.66668, -14.55565, -14.44448, -14.33345, 
    -14.22221, -14.11118, -14.00001, -13.88898, -13.77783, -13.6667, 
    -13.55565, -13.4445, -13.33345, -13.22222, -13.11117, -13.00004, 
    -12.88896, -12.77783, -12.66671, -12.55565, -12.44454, -12.33345, 
    -12.22233, -12.11116, -12.00004, -11.88895, -11.77784, -11.66676, 
    -11.55566, -11.44455, -11.33345, -11.22235, -11.11115, -11.00005, 
    -10.88896, -10.77784, -10.66675, -10.55566, -10.44457, -10.33345, 
    -10.22235, -10.11126, -10.00006, -9.888968, -9.777848, -9.666752, 
    -9.555663, -9.444575, -9.333479, -9.222354, -9.111257, -9.000072, 
    -8.888976, -8.777851, -8.666763, -8.555665, -8.444576, -8.333477, 
    -8.222349, -8.111251, -8.000083, -7.888996, -7.777896, -7.666766, 
    -7.555669, -7.444579, -7.333478, -7.222342, -7.111252, -7.00015, 
    -6.889009, -6.777911, -6.666772, -6.555671, -6.44458, -6.333489, 
    -6.222387, -6.111241, -6.000139, -5.889027, -5.777926, -5.666837, 
    -5.555687, -5.444582, -5.33349, -5.222386, -5.111238, -5.00013, 
    -4.889039, -4.777946, -4.666836, -4.555698, -4.444588, -4.333496, 
    -4.222383, -4.111288, -4.000154, -3.889041, -3.777951, -3.666834, 
    -3.55571, -3.444592, -3.333496, -3.222402, -3.111278, -3.000174, 
    -2.88905, -2.777953, -2.666855, -2.555726, -2.444627, -2.3335, -2.222408, 
    -2.111286, -2.000183, -1.889077, -1.777956, -1.66685, -1.555732, 
    -1.444635, -1.333525, -1.222412, -1.111298, -1.000186, -0.8890781, 
    -0.7779713, -0.666858, -0.5557519, -0.4446408, -0.3335285, -0.2224198, 
    -0.1113094, -0.0002000003, 0.1109099, 0.2220202, 0.3331299, 0.4442399, 
    0.555348, 0.6664584, 0.7775701, 0.8886806, 0.999787, 1.110901, 1.222014, 
    1.333124, 1.444236, 1.555338, 1.666445, 1.777565, 1.888672, 1.999776, 
    2.110897, 2.22199, 2.333116, 2.444215, 2.555343, 2.666443, 2.777542, 
    2.888668, 2.999759, 3.110883, 3.221995, 3.333117, 3.444214, 3.555308, 
    3.666425, 3.777546, 3.888663, 3.999757, 4.11085, 4.221963, 4.333099, 
    4.444211, 4.5553, 4.666409, 4.777553, 4.888646, 4.999755, 5.110847, 
    5.221954, 5.3331, 5.444207, 5.5553, 5.666393, 5.777501, 5.888649, 
    5.999751, 6.110842, 6.221945, 6.333087, 6.444176, 6.555277, 6.666409, 
    6.777509, 6.888649, 6.99975, 7.11084, 7.22193, 7.333029, 7.444163, 
    7.55526, 7.666418, 7.777518, 7.888608, 7.99974, 8.110839, 8.221928, 
    8.333024, 8.444151, 8.555248, 8.666337, 8.777516, 8.888615, 8.999739, 
    9.110836, 9.221925, 9.333021, 9.444109, 9.555232, 9.666327, 9.777521, 
    9.888618, 9.99974, 10.11084, 10.22192, 10.33301, 10.44411, 10.55522, 
    10.66632, 10.77753, 10.88861, 10.99971, 11.11083, 11.22192, 11.33301, 
    11.44411, 11.55522, 11.66632, 11.7774, 11.88862, 11.99969, 12.11083, 
    12.22189, 12.33301, 12.44413, 12.55519, 12.66634, 12.77739, 12.88862, 
    12.99968 ;

    40.06666, 40.13346, 40.20012, 40.26662, 40.33328, 40.40008, 40.46677, 
    40.53327, 40.59993, 40.66674, 40.73339, 40.79989, 40.86686, 40.93351, 
    41.00001, 41.06667, 41.13348, 41.20013, 41.26666, 41.33331, 41.40013, 
    41.46679, 41.53328, 41.59993, 41.66691, 41.7334, 41.80005, 41.86687, 
    41.93353, 42.00002, 42.06667, 42.13353, 42.20018, 42.26667, 42.33332, 
    42.40015, 42.46679, 42.53344, 42.60027, 42.66692, 42.73341, 42.80006, 
    42.86689, 42.93357, 43.00006, 43.0667, 43.13355, 43.20019, 43.26668, 
    43.33368, 43.40031, 43.4668, 43.53344, 43.60029, 43.66693, 43.73342, 
    43.80009, 43.86694, 43.93358, 44.00007, 44.06671, 44.13356, 44.2002, 
    44.26683, 44.33369, 44.40033, 44.46682, 44.53345, 44.60034, 44.66697, 
    44.73346, 44.8001, 44.86696, 44.93359, 45.00023, 45.06709, 45.13372, 
    45.20021, 45.26684, 45.33371, 45.40037, 45.46686, 45.53348, 45.60036, 
    45.66698, 45.73347, 45.8001, 45.86712, 45.9336, 46.00023, 46.06711, 
    46.13373, 46.20021, 46.26688, 46.33375, 46.40038, 46.46687, 46.53349, 
    46.60037, 46.667, 46.73362, 46.8005, 46.86713, 46.93361, 47.00023, 
    47.06715, 47.13377, 47.20026, 47.26688, 47.33377, 47.40039, 47.46687, 
    47.5339, 47.60052, 47.667, 47.73362, 47.80051, 47.86713, 47.93365, 
    48.00027, 48.06716, 48.13378, 48.20026, 48.26688, 48.33392, 48.40039, 
    48.46701, 48.53392, 48.60053, 48.66701, 48.73366, 48.80056, 48.86718, 
    48.93366, 49.00027, 49.06718, 49.13379, 49.2004, 49.26731, 49.33392, 
    49.40041, 49.46702, 49.53392, 49.60057, 49.66705, 49.73365, 49.80058, 
    49.86718, 49.93366, 50.00071, 50.06732, 50.1338, 50.20041, 50.26733, 
    50.33393, 50.40044, 50.46705, 50.53397, 50.60058, 50.66705, 50.73366, 
    50.80072, 50.86719, 50.9338, 51.00072, 51.06733, 51.1338, 51.20044, 
    51.26736, 51.33397, 51.40044, 51.46705, 51.53398, 51.60058, 51.66719, 
    51.73412, 51.80072, 51.8672, 51.9338, 52.00073, 52.06737, 52.13384, 
    52.20044, 52.26738, 52.33398, 52.40046, 52.46752, 52.53412, 52.60059, 
    52.66719, 52.73413, 52.80073, 52.8672, 52.93383, 53.00077, 53.06738, 
    53.13385, 53.20045, 53.26739, 53.33399, 53.40059, 53.46753, 53.53413, 
    53.6006, 53.66719, 53.73417, 53.80077, 53.86724, 53.93384, 54.00079, 
    54.06738, 54.13398, 54.20092, 54.26752, 54.334, 54.40059, 54.46754, 
    54.53416, 54.60064, 54.66722, 54.73419, 54.80078, 54.86725, 54.93384, 
    55.00092, 55.06739, 55.13398, 55.20094, 55.26753, 55.334, 55.40062, 
    55.46757, 55.53416, 55.60065, 55.66724, 55.73419, 55.80079, 55.86737, 
    55.93432, 56.00092, 56.06741, 56.134, 56.20097, 56.26756, 56.33404, 
    56.40063, 56.46757, 56.53415, 56.60067, 56.66773, 56.73431, 56.80079, 
    56.86738, 56.93432, 57.0009, 57.06746, 57.13405, 57.20098, 57.26757, 
    57.33405, 57.40063, 57.46768, 57.53422, 57.60081, 57.66774, 57.73433, 
    57.8008, 57.8674, 57.93434, 58.00092, 58.06749, 58.13407, 58.20099, 
    58.26758, 58.33416, 58.40109, 58.46767, 58.53425, 58.60083, 58.66775, 
    58.73436, 58.80083, 58.8674, 58.93434, 59.00091, 59.0675, 59.13454, 
    59.20111, 59.26759, 59.33417, 59.40108, 59.46766, 59.53429, 59.60087, 
    59.66779, 59.73437, 59.80083, 59.86741, 59.93444, 60.00106, 60.06763, 
    60.13454, 60.20113, 60.26759, 60.33419, 60.4011, 60.46767, 60.53431, 
    60.60089, 60.6678, 60.73437, 60.80095, 60.86786, 60.93442, 61.00108, 
    61.06766, 61.13456, 61.20116, 61.26762, 61.33419, 61.4011, 61.46767, 
    61.53434, 61.60135, 61.66791, 61.73438, 61.80096, 61.86785, 61.93442, 
    62.0011, 62.0677, 62.13459, 62.20116, 62.26763, 62.3342, 62.40109, 
    62.46789, 62.53446, 62.60135, 62.66792, 62.73439, 62.80096, 62.86787, 
    62.93444, 63.00114, 63.06771, 63.1346, 63.20116, 63.26774, 63.33462, 
    63.40119, 63.46791, 63.53448, 63.60136, 63.66796, 63.73442, 63.80098, 
    63.86787, 63.93444, 64.00117, 64.06815, 64.13471, 64.20118, 64.26775, 
    64.33463, 64.40118, 64.46793, 64.53452, 64.60139, 64.66795, 64.73443, 
    64.80099, 64.86786, 64.93472, 65.00128 ;
